Filename, Arquitetura, Dataset, PostProcessing, ictalTP, ictalTN, ictalFP, ictalFN, ictalSE, ictalSP, preTP, preTN, preFP, preFN, preSE, preSP, accuracyDetecting, accuracyPredicting
1convHighFilters.mat,cnn,dataset1,1,19,15087,874,5,0.79167,0.94524,114,6433,9375,63,0.64407,0.40695,0.79167,0.64407
1convHighFilters.mat,cnn,dataset1,2,0,15921,40,24,0,0.99749,30,13724,2084,147,0.16949,0.86817,0,0.16949
1convHighFilters.mat,cnn,dataset1,3,0,15632,329,24,0,0.97939,85,8358,7450,92,0.48023,0.52872,0,0.48023
1convHighFilters.mat,cnn,dataset2,1,2,17791,556,6,0.25,0.9697,32,11643,6653,27,0.54237,0.63637,0.25,0.54237
1convHighFilters.mat,cnn,dataset2,2,0,18346,1,8,0,0.99995,0,16494,1802,59,0,0.90151,0,0
1convHighFilters.mat,cnn,dataset2,3,0,18324,23,8,0,0.99875,11,13350,4946,48,0.18644,0.72967,0,0.18644
1convHighFilters60train40test.mat,cnn,dataset1,1,19,14730,1231,5,0.79167,0.92287,93,6394,9414,84,0.52542,0.40448,0.79167,0.52542
1convHighFilters60train40test.mat,cnn,dataset1,2,0,15869,92,24,0,0.99424,26,14004,1804,151,0.14689,0.88588,0,0.14689
1convHighFilters60train40test.mat,cnn,dataset1,3,2,15455,506,22,0.083333,0.9683,70,8328,7480,107,0.39548,0.52682,0.083333,0.39548
1convHighFilters60train40test.mat,cnn,dataset2,1,2,17237,1110,6,0.25,0.9395,29,11922,6374,30,0.49153,0.65162,0.25,0.49153
1convHighFilters60train40test.mat,cnn,dataset2,2,0,18346,1,8,0,0.99995,0,17197,1099,59,0,0.93993,0,0
1convHighFilters60train40test.mat,cnn,dataset2,3,0,18202,145,8,0,0.9921,13,13844,4452,46,0.22034,0.75667,0,0.22034
1convLowFilterNumbers.mat,cnn,dataset1,1,21,15235,726,3,0.875,0.95451,127,5727,10081,50,0.71751,0.36228,0.875,0.71751
1convLowFilterNumbers.mat,cnn,dataset1,2,0,15938,23,24,0,0.99856,46,11909,3899,131,0.25989,0.75335,0,0.25989
1convLowFilterNumbers.mat,cnn,dataset1,3,0,15725,236,24,0,0.98521,102,7322,8486,75,0.57627,0.46318,0,0.57627
1convLowFilterNumbers.mat,cnn,dataset2,1,1,17926,421,7,0.125,0.97705,35,10956,7340,24,0.59322,0.59882,0.125,0.59322
1convLowFilterNumbers.mat,cnn,dataset2,2,0,18347,0,8,0,1,0,15736,2560,59,0,0.86008,0,0
1convLowFilterNumbers.mat,cnn,dataset2,3,0,18343,4,8,0,0.99978,20,12696,5600,39,0.33898,0.69392,0,0.33898
1convLowFilterNumber60train40test.mat,cnn,dataset1,1,25,15214,936,2,0.92593,0.94204,179,5889,10051,58,0.75527,0.36945,0.92593,0.75527
1convLowFilterNumber60train40test.mat,cnn,dataset1,2,0,16116,34,27,0,0.99789,61,12738,3202,176,0.25738,0.79912,0,0.25738
1convLowFilterNumber60train40test.mat,cnn,dataset1,3,0,15886,264,27,0,0.98365,136,7553,8387,101,0.57384,0.47384,0,0.57384
1convLowFilterNumber60train40test.mat,cnn,dataset2,1,9,17623,792,6,0.6,0.95699,42,11183,7169,36,0.53846,0.60936,0.6,0.53846
1convLowFilterNumber60train40test.mat,cnn,dataset2,2,0,18414,1,15,0,0.99995,0,16538,1814,78,0,0.90116,0,0
1convLowFilterNumber60train40test.mat,cnn,dataset2,3,1,18356,59,14,0.066667,0.9968,18,13028,5324,60,0.23077,0.7099,0.066667,0.23077
2convHighFilterNumber.mat,cnn,dataset1,1,22,15566,395,2,0.91667,0.97525,153,4470,11338,24,0.86441,0.28277,0.91667,0.86441
2convHighFilterNumber.mat,cnn,dataset1,2,0,15955,6,24,0,0.99962,63,10362,5446,114,0.35593,0.65549,0,0.35593
2convHighFilterNumber.mat,cnn,dataset1,3,0,15928,33,24,0,0.99793,131,5770,10038,46,0.74011,0.36501,0,0.74011
2convHighFilterNumber.mat,cnn,dataset2,1,2,17668,679,6,0.25,0.96299,29,12211,6085,30,0.49153,0.66741,0.25,0.49153
2convHighFilterNumber.mat,cnn,dataset2,2,0,18347,0,8,0,1,4,16515,1781,55,0.067797,0.90266,0,0.067797
2convHighFilterNumber.mat,cnn,dataset2,3,0,18321,26,8,0,0.99858,13,13927,4369,46,0.22034,0.7612,0,0.22034
2convHighFilterNumber60train40test.mat,cnn,dataset1,1,27,15575,575,0,1,0.9644,185,5752,10188,52,0.78059,0.36085,1,0.78059
2convHighFilterNumber60train40test.mat,cnn,dataset1,2,0,16141,9,27,0,0.99944,61,11657,4283,176,0.25738,0.7313,0,0.25738
2convHighFilterNumber60train40test.mat,cnn,dataset1,3,0,16079,71,27,0,0.9956,142,7354,8586,95,0.59916,0.46136,0,0.59916
2convHighFilterNumber60train40test.mat,cnn,dataset2,1,7,17084,1331,8,0.46667,0.92772,30,13464,4888,48,0.38462,0.73365,0.46667,0.38462
2convHighFilterNumber60train40test.mat,cnn,dataset2,2,0,18411,4,15,0,0.99978,0,17407,945,78,0,0.94851,0,0
2convHighFilterNumber60train40test.mat,cnn,dataset2,3,0,18045,370,15,0,0.97991,8,15288,3064,70,0.10256,0.83304,0,0.10256
2convLayersLowFilterNumber.mat,cnn,dataset1,1,23,15570,391,1,0.95833,0.9755,155,4393,11415,22,0.87571,0.2779,0.95833,0.87571
2convLayersLowFilterNumber.mat,cnn,dataset1,2,0,15954,7,24,0,0.99956,62,9828,5980,115,0.35028,0.62171,0,0.35028
2convLayersLowFilterNumber.mat,cnn,dataset1,3,0,15935,26,24,0,0.99837,138,5592,10216,39,0.77966,0.35374,0,0.77966
2convLayersLowFilterNumber.mat,cnn,dataset2,1,2,17142,1205,6,0.25,0.93432,26,12381,5915,33,0.44068,0.67671,0.25,0.44068
2convLayersLowFilterNumber.mat,cnn,dataset2,2,0,18346,1,8,0,0.99995,0,16775,1521,59,0,0.91687,0,0
2convLayersLowFilterNumber.mat,cnn,dataset2,3,0,18157,190,8,0,0.98964,9,14256,4040,50,0.15254,0.77919,0,0.15254
2convLayersLowFilterNumber60train40test.mat,cnn,dataset1,1,25,15074,1076,2,0.92593,0.93337,186,5171,10769,51,0.78481,0.3244,0.92593,0.78481
2convLayersLowFilterNumber60train40test.mat,cnn,dataset1,2,0,16131,19,27,0,0.99882,79,10879,5061,158,0.33333,0.6825,0,0.33333
2convLayersLowFilterNumber60train40test.mat,cnn,dataset1,3,0,15875,275,27,0,0.98297,149,6621,9319,88,0.62869,0.41537,0,0.62869
2convLayersLowFilterNumber60train40test.mat,cnn,dataset2,1,12,15406,3009,3,0.8,0.8366,29,14312,4040,49,0.37179,0.77986,0.8,0.37179
2convLayersLowFilterNumber60train40test.mat,cnn,dataset2,2,0,17953,462,15,0,0.97491,0,17521,831,78,0,0.95472,0,0
2convLayersLowFilterNumber60train40test.mat,cnn,dataset2,3,1,16453,1962,14,0.066667,0.89346,15,15987,2365,63,0.19231,0.87113,0.066667,0.19231
3convgrowingFilterNumberAndSize(Strides=1).mat,cnn,dataset1,1,24,15260,701,0,1,0.95608,115,5823,9985,62,0.64972,0.36836,1,0.64972
3convgrowingFilterNumberAndSize(Strides=1).mat,cnn,dataset1,2,0,15922,39,24,0,0.99756,36,11878,3930,141,0.20339,0.75139,0,0.20339
3convgrowingFilterNumberAndSize(Strides=1).mat,cnn,dataset1,3,0,15714,247,24,0,0.98452,85,7535,8273,92,0.48023,0.47666,0,0.48023
3convgrowingFilterNumberAndSize(Strides=1).mat,cnn,dataset2,1,3,16937,1410,5,0.375,0.92315,22,13092,5204,37,0.37288,0.71557,0.375,0.37288
3convgrowingFilterNumberAndSize(Strides=1).mat,cnn,dataset2,2,0,18347,0,8,0,1,0,17877,419,59,0,0.9771,0,0
3convgrowingFilterNumberAndSize(Strides=1).mat,cnn,dataset2,3,0,18185,162,8,0,0.99117,0,15194,3102,59,0,0.83045,0,0
3convgrowingFilterNumberAndSize(Strides=1)60train40test.mat,cnn,dataset1,1,25,15139,1011,2,0.92593,0.9374,160,6223,9717,77,0.67511,0.3904,0.92593,0.67511
3convgrowingFilterNumberAndSize(Strides=1)60train40test.mat,cnn,dataset1,2,0,16086,64,27,0,0.99604,56,12138,3802,181,0.23629,0.76148,0,0.23629
3convgrowingFilterNumberAndSize(Strides=1)60train40test.mat,cnn,dataset1,3,0,15768,382,27,0,0.97635,121,8014,7926,116,0.51055,0.50276,0,0.51055
3convgrowingFilterNumberAndSize(Strides=1)60train40test.mat,cnn,dataset2,1,11,15488,2927,4,0.73333,0.84105,26,14737,3615,52,0.33333,0.80302,0.73333,0.33333
3convgrowingFilterNumberAndSize(Strides=1)60train40test.mat,cnn,dataset2,2,0,18243,172,15,0,0.99066,0,18181,171,78,0,0.99068,0,0
3convgrowingFilterNumberAndSize(Strides=1)60train40test.mat,cnn,dataset2,3,0,16862,1553,15,0,0.91567,9,16894,1458,69,0.11538,0.92055,0,0.11538
3convLowFilterSizesAndNumber.mat,cnn,dataset1,1,22,15530,431,2,0.91667,0.973,148,2963,12845,29,0.83616,0.18744,0.91667,0.83616
3convLowFilterSizesAndNumber.mat,cnn,dataset1,2,0,15953,8,24,0,0.9995,61,7919,7889,116,0.34463,0.50095,0,0.34463
3convLowFilterSizesAndNumber.mat,cnn,dataset1,3,0,15880,81,24,0,0.99493,122,3848,11960,55,0.68927,0.24342,0,0.68927
3convLowFilterSizesAndNumber.mat,cnn,dataset2,1,2,16400,1947,6,0.25,0.89388,15,13882,4414,44,0.25424,0.75875,0.25,0.25424
3convLowFilterSizesAndNumber.mat,cnn,dataset2,2,0,18310,37,8,0,0.99798,0,17583,713,59,0,0.96103,0,0
3convLowFilterSizesAndNumber.mat,cnn,dataset2,3,0,17517,830,8,0,0.95476,7,15852,2444,52,0.11864,0.86642,0,0.11864
3convLowFilterSizesAndNumber60train40test.mat,cnn,dataset1,1,18,15445,705,9,0.66667,0.95635,160,2816,13124,77,0.67511,0.17666,0.66667,0.67511
3convLowFilterSizesAndNumber60train40test.mat,cnn,dataset1,2,0,16045,105,27,0,0.9935,69,7689,8251,168,0.29114,0.48237,0,0.29114
3convLowFilterSizesAndNumber60train40test.mat,cnn,dataset1,3,0,15773,377,27,0,0.97666,126,3666,12274,111,0.53165,0.22999,0,0.53165
3convLowFilterSizesAndNumber60train40test.mat,cnn,dataset2,1,4,15571,2844,11,0.26667,0.84556,5,17105,1247,73,0.064103,0.93205,0.26667,0.064103
3convLowFilterSizesAndNumber60train40test.mat,cnn,dataset2,2,0,17953,462,15,0,0.97491,0,18347,5,78,0,0.99973,0,0
3convLowFilterSizesAndNumber60train40test.mat,cnn,dataset2,3,0,16639,1776,15,0,0.90356,0,18186,166,78,0,0.99095,0,0
3convLowFilterSizesHighFilterNumber.mat,cnn,dataset1,1,22,15791,170,2,0.91667,0.98935,171,4250,11558,6,0.9661,0.26885,0.91667,0.9661
3convLowFilterSizesHighFilterNumber.mat,cnn,dataset1,2,0,15957,4,24,0,0.99975,84,10038,5770,93,0.47458,0.63499,0,0.47458
3convLowFilterSizesHighFilterNumber.mat,cnn,dataset1,3,0,15951,10,24,0,0.99937,157,5478,10330,20,0.88701,0.34653,0,0.88701
3convLowFilterSizesHighFilterNumber.mat,cnn,dataset2,1,4,17029,1318,4,0.5,0.92816,17,13452,4844,42,0.28814,0.73524,0.5,0.28814
3convLowFilterSizesHighFilterNumber.mat,cnn,dataset2,2,0,18343,4,8,0,0.99978,0,17311,985,59,0,0.94616,0,0
3convLowFilterSizesHighFilterNumber.mat,cnn,dataset2,3,0,17950,397,8,0,0.97836,6,15434,2862,53,0.10169,0.84357,0,0.10169
3convLowFilterSizesHighFilterNumber60train40test.mat,cnn,dataset1,1,27,15409,741,0,1,0.95412,183,5341,10599,54,0.77215,0.33507,1,0.77215
3convLowFilterSizesHighFilterNumber60train40test.mat,cnn,dataset1,2,0,16118,32,27,0,0.99802,67,11262,4678,170,0.2827,0.70652,0,0.2827
3convLowFilterSizesHighFilterNumber60train40test.mat,cnn,dataset1,3,0,15947,203,27,0,0.98743,147,6834,9106,90,0.62025,0.42873,0,0.62025
3convLowFilterSizesHighFilterNumber60train40test.mat,cnn,dataset2,1,12,15305,3110,3,0.8,0.83112,17,14867,3485,61,0.21795,0.8101,0.8,0.21795
3convLowFilterSizesHighFilterNumber60train40test.mat,cnn,dataset2,2,0,18051,364,15,0,0.98023,0,17800,552,78,0,0.96992,0,0
3convLowFilterSizesHighFilterNumber60train40test.mat,cnn,dataset2,3,1,16462,1953,14,0.066667,0.89395,4,16450,1902,74,0.051282,0.89636,0.066667,0.051282
3convMediumFilterNumbers16_32_48.mat,cnn,dataset1,1,22,15885,76,2,0.91667,0.99524,174,4138,11670,3,0.98305,0.26177,0.91667,0.98305
3convMediumFilterNumbers16_32_48.mat,cnn,dataset1,2,0,15960,1,24,0,0.99994,81,9177,6631,96,0.45763,0.58053,0,0.45763
3convMediumFilterNumbers16_32_48.mat,cnn,dataset1,3,0,15959,2,24,0,0.99987,160,5362,10446,17,0.90395,0.3392,0,0.90395
3convMediumFilterNumbers16_32_48.mat,cnn,dataset2,1,2,18142,205,6,0.25,0.98883,31,11840,6456,28,0.52542,0.64714,0.25,0.52542
3convMediumFilterNumbers16_32_48.mat,cnn,dataset2,2,0,18347,0,8,0,1,0,15862,2434,59,0,0.86697,0,0
3convMediumFilterNumbers16_32_48.mat,cnn,dataset2,3,0,18344,3,8,0,0.99984,14,13575,4721,45,0.23729,0.74197,0,0.23729
3convMediumFilterNumbers16_32_48c60train40test.mat,cnn,dataset1,1,18,16049,101,9,0.66667,0.99375,233,3970,11970,4,0.98312,0.24906,0.66667,0.98312
3convMediumFilterNumbers16_32_48c60train40test.mat,cnn,dataset1,2,0,16148,2,27,0,0.99988,119,8919,7021,118,0.50211,0.55954,0,0.50211
3convMediumFilterNumbers16_32_48c60train40test.mat,cnn,dataset1,3,0,16147,3,27,0,0.99981,211,5131,10809,26,0.8903,0.32189,0,0.8903
3convMediumFilterNumbers16_32_48c60train40test.mat,cnn,dataset2,1,5,18161,254,10,0.33333,0.98621,30,12511,5841,48,0.38462,0.68172,0.33333,0.38462
3convMediumFilterNumbers16_32_48c60train40test.mat,cnn,dataset2,2,0,18415,0,15,0,1,0,16435,1917,78,0,0.89554,0,0
3convMediumFilterNumbers16_32_48c60train40test.mat,cnn,dataset2,3,0,18415,0,15,0,1,10,14295,4057,68,0.12821,0.77893,0,0.12821
3convStrideOnlyOnConvolution.mat,cnn,dataset1,1,23,14963,998,1,0.95833,0.93747,103,9287,6521,74,0.58192,0.58749,0.95833,0.58192
3convStrideOnlyOnConvolution.mat,cnn,dataset1,2,0,15914,47,24,0,0.99706,33,14223,1585,144,0.18644,0.89973,0,0.18644
3convStrideOnlyOnConvolution.mat,cnn,dataset1,3,0,15622,339,24,0,0.97876,68,11261,4547,109,0.38418,0.71236,0,0.38418
3convStrideOnlyOnConvolution.mat,cnn,dataset2,1,4,16009,2338,4,0.5,0.87257,11,15072,3224,48,0.18644,0.82379,0.5,0.18644
3convStrideOnlyOnConvolution.mat,cnn,dataset2,2,0,18299,48,8,0,0.99738,0,18200,96,59,0,0.99475,0,0
3convStrideOnlyOnConvolution.mat,cnn,dataset2,3,0,17370,977,8,0,0.94675,3,16925,1371,56,0.050847,0.92507,0,0.050847
3convStrideOnlyOnConvolution60train40test.mat,cnn,dataset1,1,26,15699,451,1,0.96296,0.97207,193,6318,9622,44,0.81435,0.39636,0.96296,0.81435
3convStrideOnlyOnConvolution60train40test.mat,cnn,dataset1,2,0,16142,8,27,0,0.9995,52,12631,3309,185,0.21941,0.79241,0,0.21941
3convStrideOnlyOnConvolution60train40test.mat,cnn,dataset1,3,0,16096,54,27,0,0.99666,156,8002,7938,81,0.65823,0.50201,0,0.65823
3convStrideOnlyOnConvolution60train40test.mat,cnn,dataset2,1,7,17084,1331,8,0.46667,0.92772,33,13558,4794,45,0.42308,0.73878,0.46667,0.42308
3convStrideOnlyOnConvolution60train40test.mat,cnn,dataset2,2,0,18415,0,15,0,1,0,18079,273,78,0,0.98512,0,0
3convStrideOnlyOnConvolution60train40test.mat,cnn,dataset2,3,0,18313,102,15,0,0.99446,13,15664,2688,65,0.16667,0.85353,0,0.16667
4conv.mat,cnn,dataset1,1,23,15678,283,1,0.95833,0.98227,169,5126,10682,8,0.9548,0.32427,0.95833,0.9548
4conv.mat,cnn,dataset1,2,0,15957,4,24,0,0.99975,70,10572,5236,107,0.39548,0.66878,0,0.39548
4conv.mat,cnn,dataset1,3,0,15951,10,24,0,0.99937,154,6471,9337,23,0.87006,0.40935,0,0.87006
4conv.mat,cnn,dataset2,1,5,16836,1511,3,0.625,0.91764,25,12142,6154,34,0.42373,0.66364,0.625,0.42373
4conv.mat,cnn,dataset2,2,0,18340,7,8,0,0.99962,8,16985,1311,51,0.13559,0.92834,0,0.13559
4conv.mat,cnn,dataset2,3,0,17901,446,8,0,0.97569,13,14098,4198,46,0.22034,0.77055,0,0.22034
4convNOPADDINGc60train40test.mat,cnn,dataset1,1,27,14650,1500,0,1,0.90712,125,4830,11110,112,0.52743,0.30301,1,0.52743
4convNOPADDINGc60train40test.mat,cnn,dataset1,2,0,15937,213,27,0,0.98681,50,10337,5603,187,0.21097,0.64849,0,0.21097
4convNOPADDINGc60train40test.mat,cnn,dataset1,3,5,15453,697,22,0.18519,0.95684,98,6354,9586,139,0.4135,0.39862,0.18519,0.4135
4convNOPADDINGc60train40test.mat,cnn,dataset2,1,10,14192,4223,5,0.66667,0.77068,34,15242,3110,44,0.4359,0.83054,0.66667,0.4359
4convNOPADDINGc60train40test.mat,cnn,dataset2,2,0,18074,341,15,0,0.98148,0,18328,24,78,0,0.99869,0,0
4convNOPADDINGc60train40test.mat,cnn,dataset2,3,0,15783,2632,15,0,0.85707,10,17487,865,68,0.12821,0.95287,0,0.12821
4conv&dropout20.mat,cnn,dataset1,1,23,15405,556,1,0.95833,0.96517,124,5367,10441,53,0.70056,0.33951,0.95833,0.70056
4conv&dropout20.mat,cnn,dataset1,2,0,15932,29,24,0,0.99818,45,10732,5076,132,0.25424,0.6789,0,0.25424
4conv&dropout20.mat,cnn,dataset1,3,0,15802,159,24,0,0.99004,97,6822,8986,80,0.54802,0.43155,0,0.54802
4conv&dropout20.mat,cnn,dataset2,1,3,16366,1981,5,0.375,0.89203,23,13639,4657,36,0.38983,0.74546,0.375,0.38983
4conv&dropout20.mat,cnn,dataset2,2,0,18306,41,8,0,0.99777,0,17592,704,59,0,0.96152,0,0
4conv&dropout20.mat,cnn,dataset2,3,0,17540,807,8,0,0.95601,6,15751,2545,53,0.10169,0.8609,0,0.10169
4conv&dropout20.mat,cnn,dataset1,1,25,15591,559,2,0.92593,0.96539,188,5555,10385,49,0.79325,0.34849,0.92593,0.79325
4conv&dropout20.mat,cnn,dataset1,2,0,16126,24,27,0,0.99851,75,11000,4940,162,0.31646,0.69009,0,0.31646
4conv&dropout20.mat,cnn,dataset1,3,0,15986,164,27,0,0.98985,151,7027,8913,86,0.63713,0.44084,0,0.63713
4conv&dropout20.mat,cnn,dataset2,1,9,16433,1982,6,0.6,0.89237,41,13626,4726,37,0.52564,0.74248,0.6,0.52564
4conv&dropout20.mat,cnn,dataset2,2,0,18381,34,15,0,0.99815,0,17653,699,78,0,0.96191,0,0
4conv&dropout20.mat,cnn,dataset2,3,0,17618,797,15,0,0.95672,19,15716,2636,59,0.24359,0.85636,0,0.24359
6conv70train30test.mat,cnn,dataset1,1,24,15491,470,0,1,0.97055,159,6158,9650,18,0.89831,0.38955,1,0.89831
6conv70train30test.mat,cnn,dataset1,2,0,15957,4,24,0,0.99975,43,11673,4135,134,0.24294,0.73842,0,0.24294
6conv70train30test.mat,cnn,dataset1,3,0,15912,49,24,0,0.99693,140,7797,8011,37,0.79096,0.49323,0,0.79096
6conv70train30test.mat,cnn,dataset2,1,6,16735,1612,2,0.75,0.91214,17,13600,4696,42,0.28814,0.74333,0.75,0.28814
6conv70train30test.mat,cnn,dataset2,2,0,18323,24,8,0,0.99869,2,17319,977,57,0.033898,0.9466,0,0.033898
6conv70train30test.mat,cnn,dataset2,3,0,17793,554,8,0,0.9698,10,15572,2724,49,0.16949,0.85111,0,0.16949
